vector_1 <- c(2,5,6)
