vector_1 <- c(2,5,6)
vector_2 <- c(6,7,8)
